#"psin"       "FF'"    "dFF'/dpsin"    "rho"    "drho/dpsin"   "T"      "dT/dpsin"    "S_rho"     "S_T"        "D_perp"    "ZK_perp"
0.0000E+00  4.7409E-01  1.8752E+00  1.0000E+00 -1.0920E+00  1.0100E-01 -1.8622E-01  1.0000E-06  1.1000E-06  4.8219E-07  3.5000E-07
6.0000E-03  4.8533E-01  1.8707E+00  9.9350E-01 -1.0741E+00  9.9870E-02 -1.8940E-01  1.0000E-06  1.1000E-06  4.9856E-07  4.0000E-07
1.2000E-02  4.9654E-01  1.8672E+00  9.8711E-01 -1.0564E+00  9.8725E-02 -1.9232E-01  1.0000E-06  1.1000E-06  5.1664E-07  4.6482E-07
1.8000E-02  5.0774E-01  1.8647E+00  9.8083E-01 -1.0387E+00  9.7562E-02 -1.9501E-01  1.0000E-06  1.1000E-06  5.3658E-07  5.4590E-07
2.4000E-02  5.1892E-01  1.8629E+00  9.7465E-01 -1.0212E+00  9.6385E-02 -1.9745E-01  1.0000E-06  1.1000E-06  5.5748E-07  5.9125E-07
3.0000E-02  5.3009E-01  1.8619E+00  9.6857E-01 -1.0038E+00  9.5193E-02 -1.9966E-01  1.0000E-06  1.1000E-06  5.7809E-07  6.0859E-07
3.6000E-02  5.4126E-01  1.8615E+00  9.6260E-01 -9.8647E-01  9.3989E-02 -2.0164E-01  1.0000E-06  1.1000E-06  5.9927E-07  6.0449E-07
4.2000E-02  5.5243E-01  1.8616E+00  9.5673E-01 -9.6930E-01  9.2774E-02 -2.0340E-01  1.0000E-06  1.1000E-06  6.2072E-07  5.8447E-07
4.8000E-02  5.6360E-01  1.8621E+00  9.5097E-01 -9.5228E-01  9.1549E-02 -2.0494E-01  1.0000E-06  1.1000E-06  6.4214E-07  5.5316E-07
5.4000E-02  5.7478E-01  1.8629E+00  9.4531E-01 -9.3538E-01  9.0315E-02 -2.0628E-01  1.0000E-06  1.1000E-06  6.6324E-07  5.1440E-07
6.0000E-02  5.8596E-01  1.8639E+00  9.3974E-01 -9.1863E-01  8.9074E-02 -2.0740E-01  1.0000E-06  1.1000E-06  6.8367E-07  4.7145E-07
6.6000E-02  5.9714E-01  1.8649E+00  9.3428E-01 -9.0200E-01  8.7827E-02 -2.0833E-01  1.0000E-06  1.1000E-06  7.0315E-07  4.2688E-07
7.2000E-02  6.0834E-01  1.8660E+00  9.2892E-01 -8.8552E-01  8.6575E-02 -2.0907E-01  1.0000E-06  1.1000E-06  7.2136E-07  3.8281E-07
7.8000E-02  6.1954E-01  1.8670E+00  9.2365E-01 -8.6919E-01  8.5318E-02 -2.0961E-01  1.0000E-06  1.1000E-06  7.3824E-07  3.4094E-07
8.4000E-02  6.3074E-01  1.8679E+00  9.1849E-01 -8.5300E-01  8.4060E-02 -2.0998E-01  1.0000E-06  1.1000E-06  7.5450E-07  3.0249E-07
9.0000E-02  6.4195E-01  1.8684E+00  9.1342E-01 -8.3695E-01  8.2799E-02 -2.1017E-01  1.0000E-06  1.1000E-06  7.7016E-07  2.6841E-07
9.6000E-02  6.5316E-01  1.8686E+00  9.0844E-01 -8.2106E-01  8.1538E-02 -2.1018E-01  1.0000E-06  1.1000E-06  7.8515E-07  2.3932E-07
1.0200E-01  6.6437E-01  1.8684E+00  9.0357E-01 -8.0532E-01  8.0277E-02 -2.1003E-01  1.0000E-06  1.0999E-06  7.9962E-07  2.1555E-07
1.0800E-01  6.7558E-01  1.8677E+00  8.9878E-01 -7.8972E-01  7.9018E-02 -2.0971E-01  1.0000E-06  1.0999E-06  8.1370E-07  1.9720E-07
1.1400E-01  6.8678E-01  1.8664E+00  8.9409E-01 -7.7428E-01  7.7761E-02 -2.0924E-01  1.0000E-06  1.0999E-06  8.2782E-07  1.8414E-07
1.2000E-01  6.9798E-01  1.8644E+00  8.8949E-01 -7.5900E-01  7.6507E-02 -2.0862E-01  1.0000E-06  1.0999E-06  8.4239E-07  1.7608E-07
1.2600E-01  7.0916E-01  1.8617E+00  8.8498E-01 -7.4388E-01  7.5258E-02 -2.0786E-01  1.0000E-06  1.0999E-06  8.5747E-07  1.7255E-07
1.3200E-01  7.2031E-01  1.8581E+00  8.8056E-01 -7.2892E-01  7.4013E-02 -2.0695E-01  1.0000E-06  1.0999E-06  8.7315E-07  1.7300E-07
1.3800E-01  7.3145E-01  1.8537E+00  8.7623E-01 -7.1411E-01  7.2775E-02 -2.0590E-01  1.0000E-06  1.0999E-06  8.8944E-07  1.7687E-07
1.4400E-01  7.4256E-01  1.8484E+00  8.7199E-01 -6.9947E-01  7.1543E-02 -2.0473E-01  1.0000E-06  1.0999E-06  9.0636E-07  1.8339E-07
1.5000E-01  7.5363E-01  1.8420E+00  8.6784E-01 -6.8499E-01  7.0318E-02 -2.0342E-01  1.0000E-06  1.0999E-06  9.2391E-07  1.9172E-07
1.5600E-01  7.6466E-01  1.8346E+00  8.6377E-01 -6.7066E-01  6.9102E-02 -2.0200E-01  1.0000E-06  1.0998E-06  9.4208E-07  2.0110E-07
1.6200E-01  7.7564E-01  1.8260E+00  8.5979E-01 -6.5652E-01  6.7894E-02 -2.0046E-01  1.0000E-06  1.0998E-06  9.6082E-07  2.1134E-07
1.6800E-01  7.8657E-01  1.8163E+00  8.5589E-01 -6.4253E-01  6.6697E-02 -1.9880E-01  1.0000E-06  1.0998E-06  9.8022E-07  2.2233E-07
1.7400E-01  7.9743E-01  1.8053E+00  8.5208E-01 -6.2871E-01  6.5509E-02 -1.9704E-01  1.0000E-06  1.0998E-06  1.0003E-06  2.3401E-07
1.8000E-01  8.0823E-01  1.7930E+00  8.4835E-01 -6.1505E-01  6.4332E-02 -1.9518E-01  1.0000E-06  1.0998E-06  1.0210E-06  2.4642E-07
1.8600E-01  8.1895E-01  1.7793E+00  8.4470E-01 -6.0157E-01  6.3167E-02 -1.9321E-01  1.0000E-06  1.0997E-06  1.0423E-06  2.5949E-07
1.9200E-01  8.2958E-01  1.7643E+00  8.4113E-01 -5.8826E-01  6.2014E-02 -1.9116E-01  1.0000E-06  1.0997E-06  1.0643E-06  2.7316E-07
1.9800E-01  8.4012E-01  1.7479E+00  8.3764E-01 -5.7510E-01  6.0873E-02 -1.8901E-01  1.0000E-06  1.0996E-06  1.0879E-06  2.8739E-07
2.0400E-01  8.5055E-01  1.7299E+00  8.3423E-01 -5.6212E-01  5.9746E-02 -1.8678E-01  1.0000E-06  1.0996E-06  1.1087E-06  3.0207E-07
2.1000E-01  8.6087E-01  1.7104E+00  8.3089E-01 -5.4930E-01  5.8632E-02 -1.8446E-01  1.0000E-06  1.0995E-06  1.1277E-06  3.1712E-07
2.1600E-01  8.7107E-01  1.6894E+00  8.2764E-01 -5.3667E-01  5.7533E-02 -1.8207E-01  1.0000E-06  1.0995E-06  1.1475E-06  3.3243E-07
2.2200E-01  8.8114E-01  1.6668E+00  8.2445E-01 -5.2420E-01  5.6447E-02 -1.7960E-01  1.0000E-06  1.0994E-06  1.1683E-06  3.4791E-07
2.2800E-01  8.9107E-01  1.6426E+00  8.2135E-01 -5.1188E-01  5.5377E-02 -1.7707E-01  1.0000E-06  1.0994E-06  1.1902E-06  3.6344E-07
2.3400E-01  9.0085E-01  1.6167E+00  8.1831E-01 -4.9975E-01  5.4323E-02 -1.7447E-01  1.0000E-06  1.0993E-06  1.2133E-06  3.7895E-07
2.4000E-01  9.1047E-01  1.5891E+00  8.1535E-01 -4.8779E-01  5.3284E-02 -1.7181E-01  1.0000E-06  1.0992E-06  1.2375E-06  3.9433E-07
2.4600E-01  9.1992E-01  1.5598E+00  8.1246E-01 -4.7599E-01  5.2261E-02 -1.6910E-01  1.0000E-06  1.0991E-06  1.2629E-06  4.0945E-07
2.5200E-01  9.2918E-01  1.5288E+00  8.0964E-01 -4.6437E-01  5.1255E-02 -1.6633E-01  1.0000E-06  1.0990E-06  1.2894E-06  4.2424E-07
2.5800E-01  9.3826E-01  1.4961E+00  8.0688E-01 -4.5291E-01  5.0265E-02 -1.6351E-01  1.0000E-06  1.0988E-06  1.3170E-06  4.3859E-07
2.6400E-01  9.4713E-01  1.4616E+00  8.0420E-01 -4.4162E-01  4.9293E-02 -1.6064E-01  1.0000E-06  1.0987E-06  1.3459E-06  4.5239E-07
2.7000E-01  9.5579E-01  1.4252E+00  8.0158E-01 -4.3050E-01  4.8338E-02 -1.5774E-01  1.0000E-06  1.0985E-06  1.3760E-06  4.6548E-07
2.7600E-01  9.6423E-01  1.3871E+00  7.9903E-01 -4.1955E-01  4.7400E-02 -1.5479E-01  1.0000E-06  1.0983E-06  1.4075E-06  4.7783E-07
2.8200E-01  9.7244E-01  1.3472E+00  7.9655E-01 -4.0875E-01  4.6480E-02 -1.5181E-01  1.0000E-06  1.0981E-06  1.4404E-06  4.8937E-07
2.8800E-01  9.8040E-01  1.3055E+00  7.9413E-01 -3.9813E-01  4.5578E-02 -1.4881E-01  1.0000E-06  1.0979E-06  1.4747E-06  5.0002E-07
2.9400E-01  9.8810E-01  1.2620E+00  7.9177E-01 -3.8767E-01  4.4695E-02 -1.4577E-01  9.9999E-07  1.0976E-06  1.5101E-06  5.0972E-07
3.0000E-01  9.9554E-01  1.2167E+00  7.8948E-01 -3.7737E-01  4.3829E-02 -1.4271E-01  9.9999E-07  1.0973E-06  1.5460E-06  5.1823E-07
3.0600E-01  1.0027E+00  1.1695E+00  7.8724E-01 -3.6723E-01  4.2982E-02 -1.3963E-01  9.9999E-07  1.0969E-06  1.5821E-06  5.2547E-07
3.1200E-01  1.0096E+00  1.1205E+00  7.8507E-01 -3.5726E-01  4.2154E-02 -1.3653E-01  9.9999E-07  1.0965E-06  1.6190E-06  5.3161E-07
3.1800E-01  1.0161E+00  1.0697E+00  7.8296E-01 -3.4744E-01  4.1344E-02 -1.3341E-01  9.9999E-07  1.0961E-06  1.6575E-06  5.3686E-07
3.2400E-01  1.0224E+00  1.0172E+00  7.8090E-01 -3.3779E-01  4.0553E-02 -1.3029E-01  9.9999E-07  1.0956E-06  1.6974E-06  5.4138E-07
3.3000E-01  1.0283E+00  9.6281E-01  7.7890E-01 -3.2829E-01  3.9780E-02 -1.2716E-01  9.9999E-07  1.0951E-06  1.7388E-06  5.4541E-07
3.3600E-01  1.0339E+00  9.0668E-01  7.7696E-01 -3.1894E-01  3.9027E-02 -1.2402E-01  9.9999E-07  1.0944E-06  1.7817E-06  5.4916E-07
3.4200E-01  1.0392E+00  8.4879E-01  7.7507E-01 -3.0976E-01  3.8292E-02 -1.2088E-01  9.9999E-07  1.0937E-06  1.8261E-06  5.5281E-07
3.4800E-01  1.0441E+00  7.8917E-01  7.7324E-01 -3.0073E-01  3.7576E-02 -1.1775E-01  9.9998E-07  1.0929E-06  1.8723E-06  5.5640E-07
3.5400E-01  1.0487E+00  7.2784E-01  7.7147E-01 -2.9183E-01  3.6879E-02 -1.1462E-01  9.9998E-07  1.0920E-06  1.9206E-06  5.6017E-07
3.6000E-01  1.0529E+00  6.6482E-01  7.6974E-01 -2.8310E-01  3.6201E-02 -1.1149E-01  9.9998E-07  1.0910E-06  1.9708E-06  5.6433E-07
3.6600E-01  1.0567E+00  6.0014E-01  7.6807E-01 -2.7450E-01  3.5541E-02 -1.0838E-01  9.9998E-07  1.0899E-06  2.0231E-06  5.6943E-07
3.7200E-01  1.0601E+00  5.3384E-01  7.6645E-01 -2.6607E-01  3.4900E-02 -1.0527E-01  9.9997E-07  1.0886E-06  2.0773E-06  5.7599E-07
3.7800E-01  1.0631E+00  4.6594E-01  7.6487E-01 -2.5776E-01  3.4278E-02 -1.0219E-01  9.9997E-07  1.0872E-06  2.1353E-06  5.8409E-07
3.8400E-01  1.0656E+00  3.9648E-01  7.6335E-01 -2.4960E-01  3.3674E-02 -9.9118E-02  9.9997E-07  1.0856E-06  2.1965E-06  5.9396E-07
3.9000E-01  1.0678E+00  3.2550E-01  7.6188E-01 -2.4157E-01  3.3088E-02 -9.6070E-02  9.9996E-07  1.0837E-06  2.2609E-06  6.0575E-07
3.9600E-01  1.0696E+00  2.5304E-01  7.6045E-01 -2.3368E-01  3.2521E-02 -9.3045E-02  9.9996E-07  1.0817E-06  2.3285E-06  6.1971E-07
4.0200E-01  1.0708E+00  1.7915E-01  7.5908E-01 -2.2592E-01  3.1972E-02 -9.0046E-02  9.9995E-07  1.0794E-06  2.3996E-06  6.3602E-07
4.0800E-01  1.0717E+00  1.0388E-01  7.5774E-01 -2.1829E-01  3.1441E-02 -8.7075E-02  9.9995E-07  1.0769E-06  2.4743E-06  6.5493E-07
4.1400E-01  1.0721E+00  2.7267E-02  7.5646E-01 -2.1080E-01  3.0927E-02 -8.4134E-02  9.9994E-07  1.0740E-06  2.5526E-06  6.7662E-07
4.2000E-01  1.0720E+00 -5.0625E-02  7.5521E-01 -2.0342E-01  3.0431E-02 -8.1226E-02  9.9993E-07  1.0707E-06  2.6354E-06  7.0126E-07
4.2600E-01  1.0715E+00 -1.2974E-01  7.5401E-01 -1.9617E-01  2.9952E-02 -7.8353E-02  9.9992E-07  1.0671E-06  2.7227E-06  7.2904E-07
4.3200E-01  1.0705E+00 -2.1003E-01  7.5286E-01 -1.8904E-01  2.9491E-02 -7.5517E-02  9.9991E-07  1.0631E-06  2.8151E-06  7.6023E-07
4.3800E-01  1.0690E+00 -2.9142E-01  7.5175E-01 -1.8203E-01  2.9046E-02 -7.2721E-02  9.9990E-07  1.0585E-06  2.9128E-06  7.9523E-07
4.4400E-01  1.0670E+00 -3.7385E-01  7.5067E-01 -1.7512E-01  2.8618E-02 -6.9966E-02  9.9989E-07  1.0535E-06  3.0160E-06  8.3429E-07
4.5000E-01  1.0645E+00 -4.5726E-01  7.4964E-01 -1.6834E-01  2.8206E-02 -6.7255E-02  9.9988E-07  1.0478E-06  3.1253E-06  8.7787E-07
4.5600E-01  1.0615E+00 -5.4157E-01  7.4865E-01 -1.6166E-01  2.7811E-02 -6.4589E-02  9.9986E-07  1.0415E-06  3.2422E-06  9.2665E-07
4.6200E-01  1.0580E+00 -6.2670E-01  7.4770E-01 -1.5508E-01  2.7431E-02 -6.1970E-02  9.9984E-07  1.0345E-06  3.3675E-06  9.8106E-07
4.6800E-01  1.0540E+00 -7.1259E-01  7.4679E-01 -1.4860E-01  2.7067E-02 -5.9400E-02  9.9982E-07  1.0267E-06  3.5015E-06  1.0411E-06
4.7400E-01  1.0494E+00 -7.9916E-01  7.4592E-01 -1.4221E-01  2.6718E-02 -5.6882E-02  9.9980E-07  1.0181E-06  3.6322E-06  1.1065E-06
4.8000E-01  1.0444E+00 -8.8631E-01  7.4509E-01 -1.3593E-01  2.6384E-02 -5.4416E-02  9.9978E-07  1.0085E-06  3.7529E-06  1.1776E-06
4.8600E-01  1.0388E+00 -9.7398E-01  7.4429E-01 -1.2973E-01  2.6065E-02 -5.2005E-02  9.9975E-07  9.9793E-07  3.8644E-06  1.2546E-06
4.9200E-01  1.0327E+00 -1.0621E+00  7.4353E-01 -1.2362E-01  2.5760E-02 -4.9650E-02  9.9971E-07  9.8626E-07  3.9665E-06  1.3379E-06
4.9800E-01  1.0260E+00 -1.1505E+00  7.4281E-01 -1.1759E-01  2.5469E-02 -4.7352E-02  9.9968E-07  9.7343E-07  4.0598E-06  1.4277E-06
5.0400E-01  1.0189E+00 -1.2391E+00  7.4212E-01 -1.1165E-01  2.5192E-02 -4.5114E-02  9.9964E-07  9.5935E-07  4.1445E-06  1.5249E-06
5.1000E-01  1.0112E+00 -1.3279E+00  7.4147E-01 -1.0577E-01  2.4928E-02 -4.2937E-02  9.9959E-07  9.4396E-07  4.2215E-06  1.6305E-06
5.1600E-01  1.0029E+00 -1.4167E+00  7.4085E-01 -9.9962E-02  2.4676E-02 -4.0821E-02  9.9954E-07  9.2719E-07  4.2908E-06  1.7453E-06
5.2200E-01  9.9417E-01 -1.5054E+00  7.4027E-01 -9.4220E-02  2.4438E-02 -3.8769E-02  9.9948E-07  9.0899E-07  4.3530E-06  1.8690E-06
5.2800E-01  9.8487E-01 -1.5940E+00  7.3972E-01 -8.8540E-02  2.4211E-02 -3.6782E-02  9.9941E-07  8.8930E-07  4.4086E-06  2.0013E-06
5.3400E-01  9.7504E-01 -1.6823E+00  7.3920E-01 -8.2918E-02  2.3996E-02 -3.4860E-02  9.9934E-07  8.6810E-07  4.4582E-06  2.1425E-06
5.4000E-01  9.6468E-01 -1.7702E+00  7.3872E-01 -7.7353E-02  2.3793E-02 -3.3006E-02  9.9925E-07  8.4538E-07  4.5025E-06  2.2927E-06
5.4600E-01  9.5380E-01 -1.8576E+00  7.3827E-01 -7.1836E-02  2.3600E-02 -3.1220E-02  9.9916E-07  8.2114E-07  4.5420E-06  2.4519E-06
5.5200E-01  9.4239E-01 -1.9443E+00  7.3786E-01 -6.6361E-02  2.3418E-02 -2.9504E-02  9.9905E-07  7.9543E-07  4.5772E-06  2.6201E-06
5.5800E-01  9.3047E-01 -2.0303E+00  7.3748E-01 -6.0926E-02  2.3246E-02 -2.7858E-02  9.9893E-07  7.6831E-07  4.6085E-06  2.7993E-06
5.6400E-01  9.1803E-01 -2.1154E+00  7.3713E-01 -5.5532E-02  2.3083E-02 -2.6283E-02  9.9879E-07  7.3987E-07  4.6363E-06  2.9906E-06
5.7000E-01  9.0509E-01 -2.1995E+00  7.3681E-01 -5.0150E-02  2.2930E-02 -2.4780E-02  9.9864E-07  7.1022E-07  4.6611E-06  3.0000E-06
5.7600E-01  8.9164E-01 -2.2825E+00  7.3653E-01 -4.4803E-02  2.2786E-02 -2.3351E-02  9.9847E-07  6.7952E-07  4.6831E-06  3.0000E-06
5.8200E-01  8.7770E-01 -2.3642E+00  7.3627E-01 -3.9486E-02  2.2650E-02 -2.1996E-02  9.9827E-07  6.4794E-07  4.7027E-06  3.0000E-06
5.8800E-01  8.6327E-01 -2.4445E+00  7.3605E-01 -3.4171E-02  2.2522E-02 -2.0715E-02  9.9805E-07  6.1569E-07  4.7202E-06  3.0000E-06
5.9400E-01  8.4837E-01 -2.5233E+00  7.3586E-01 -2.8864E-02  2.2401E-02 -1.9509E-02  9.9781E-07  5.8296E-07  4.7358E-06  3.0000E-06
6.0000E-01  8.3300E-01 -2.6004E+00  7.3571E-01 -2.3564E-02  2.2287E-02 -1.8380E-02  9.9753E-07  5.5000E-07  4.7497E-06  3.0000E-06
6.0600E-01  8.1717E-01 -2.6756E+00  7.3558E-01 -1.8261E-02  2.2180E-02 -1.7327E-02  9.9721E-07  5.1704E-07  4.7621E-06  3.0000E-06
6.1200E-01  8.0089E-01 -2.7488E+00  7.3549E-01 -1.2948E-02  2.2079E-02 -1.6351E-02  9.9686E-07  4.8431E-07  4.7733E-06  3.0000E-06
6.1800E-01  7.8419E-01 -2.8199E+00  7.3543E-01 -7.6429E-03  2.1984E-02 -1.5453E-02  9.9646E-07  4.5206E-07  4.7833E-06  3.0000E-06
6.2400E-01  7.6706E-01 -2.8887E+00  7.3540E-01 -2.2991E-03  2.1894E-02 -1.4632E-02  9.9601E-07  4.2048E-07  4.7923E-06  3.0000E-06
6.3000E-01  7.4953E-01 -2.9551E+00  7.3540E-01  3.0600E-03  2.1808E-02 -1.3890E-02  9.9551E-07  3.8978E-07  4.8004E-06  3.0000E-06
6.3600E-01  7.3160E-01 -3.0188E+00  7.3543E-01  8.4445E-03  2.1727E-02 -1.3227E-02  9.9495E-07  3.6013E-07  4.8077E-06  3.0000E-06
6.4200E-01  7.1331E-01 -3.0797E+00  7.3550E-01  1.3882E-02  2.1649E-02 -1.2642E-02  9.9432E-07  3.3169E-07  4.8142E-06  3.0000E-06
6.4800E-01  6.9465E-01 -3.1377E+00  7.3560E-01  1.9333E-02  2.1575E-02 -1.2136E-02  9.9362E-07  3.0457E-07  4.8200E-06  3.0000E-06
6.5400E-01  6.7566E-01 -3.1926E+00  7.3573E-01  2.4851E-02  2.1504E-02 -1.1709E-02  9.9284E-07  2.7886E-07  4.8254E-06  3.0000E-06
6.6000E-01  6.5635E-01 -3.2441E+00  7.3590E-01  3.0422E-02  2.1434E-02 -1.1362E-02  9.9199E-07  2.5462E-07  4.8303E-06  3.0000E-06
6.6600E-01  6.3674E-01 -3.2922E+00  7.3610E-01  3.6050E-02  2.1367E-02 -1.1093E-02  9.9108E-07  2.3190E-07  4.8347E-06  3.0000E-06
6.7200E-01  6.1685E-01 -3.3366E+00  7.3633E-01  4.1736E-02  2.1301E-02 -1.0904E-02  9.9012E-07  2.1070E-07  4.8387E-06  3.0000E-06
6.7800E-01  5.9671E-01 -3.3771E+00  7.3660E-01  4.7504E-02  2.1236E-02 -1.0794E-02  9.8914E-07  1.9101E-07  4.8423E-06  3.0000E-06
6.8400E-01  5.7633E-01 -3.4136E+00  7.3690E-01  5.3354E-02  2.1171E-02 -1.0763E-02  9.8823E-07  1.7281E-07  4.8456E-06  3.0000E-06
6.9000E-01  5.5575E-01 -3.4459E+00  7.3724E-01  5.9282E-02  2.1107E-02 -1.0810E-02  9.8749E-07  1.5604E-07  4.8487E-06  3.0000E-06
6.9600E-01  5.3499E-01 -3.4737E+00  7.3761E-01  6.5303E-02  2.1042E-02 -1.0936E-02  9.8710E-07  1.4065E-07  4.8516E-06  3.0000E-06
7.0200E-01  5.1408E-01 -3.4969E+00  7.3802E-01  7.1421E-02  2.0975E-02 -1.1140E-02  9.8738E-07  1.2657E-07  4.8543E-06  3.0000E-06
7.0800E-01  4.9304E-01 -3.5153E+00  7.3847E-01  7.7648E-02  2.0908E-02 -1.1421E-02  9.8877E-07  1.1374E-07  4.8570E-06  3.0000E-06
7.1400E-01  4.7190E-01 -3.5286E+00  7.3895E-01  8.3980E-02  2.0838E-02 -1.1780E-02  9.9199E-07  1.0207E-07  4.8596E-06  3.0000E-06
7.2000E-01  4.5070E-01 -3.5367E+00  7.3948E-01  9.0435E-02  2.0766E-02 -1.2215E-02  9.9808E-07  9.1490E-08  4.8622E-06  3.0000E-06
7.2600E-01  4.2947E-01 -3.5393E+00  7.4004E-01  9.7025E-02  2.0691E-02 -1.2727E-02  1.0086E-06  8.1915E-08  4.8650E-06  3.0000E-06
7.3200E-01  4.0824E-01 -3.5363E+00  7.4064E-01  1.0374E-01  2.0613E-02 -1.3315E-02  1.0258E-06  7.3269E-08  4.8680E-06  3.0000E-06
7.3800E-01  3.8705E-01 -3.5273E+00  7.4129E-01  1.1058E-01  2.0532E-02 -1.3977E-02  1.0528E-06  6.5477E-08  4.8713E-06  3.0000E-06
7.4400E-01  3.6593E-01 -3.5122E+00  7.4197E-01  1.1758E-01  2.0446E-02 -1.4714E-02  1.0942E-06  5.8466E-08  4.8751E-06  3.0000E-06
7.5000E-01  3.4491E-01 -3.4908E+00  7.4270E-01  1.2473E-01  2.0355E-02 -1.5524E-02  1.1560E-06  5.2168E-08  4.8796E-06  3.0000E-06
7.5600E-01  3.2405E-01 -3.4628E+00  7.4347E-01  1.3203E-01  2.0259E-02 -1.6407E-02  1.2468E-06  4.6519E-08  4.8849E-06  3.0000E-06
7.6200E-01  3.0337E-01 -3.4280E+00  7.4428E-01  1.3950E-01  2.0158E-02 -1.7361E-02  1.3777E-06  4.1457E-08  4.8915E-06  3.0000E-06
7.6800E-01  2.8293E-01 -3.3862E+00  7.4514E-01  1.4713E-01  2.0051E-02 -1.8386E-02  1.5636E-06  3.6926E-08  4.8999E-06  3.0000E-06
7.7400E-01  2.6275E-01 -3.3370E+00  7.4605E-01  1.5491E-01  1.9937E-02 -1.9482E-02  1.8238E-06  3.2875E-08  4.9107E-06  3.0000E-06
7.8000E-01  2.4290E-01 -3.2804E+00  7.4700E-01  1.6287E-01  1.9817E-02 -2.0646E-02  2.1828E-06  2.9257E-08  4.9252E-06  3.0000E-06
7.8600E-01  2.2341E-01 -3.2159E+00  7.4800E-01  1.7098E-01  1.9689E-02 -2.1877E-02  2.6714E-06  2.6027E-08  4.9443E-06  3.0000E-06
7.9200E-01  2.0432E-01 -3.1434E+00  7.4905E-01  1.7924E-01  1.9554E-02 -2.3175E-02  3.3276E-06  2.3145E-08  4.9701E-06  2.9669E-06
7.9800E-01  1.8570E-01 -3.0627E+00  7.5015E-01  1.8762E-01  1.9411E-02 -2.4539E-02  4.1974E-06  2.0577E-08  5.0066E-06  2.7689E-06
8.0400E-01  1.6759E-01 -2.9734E+00  7.5130E-01  1.9608E-01  1.9259E-02 -2.5966E-02  5.3351E-06  1.8289E-08  5.0576E-06  2.5814E-06
8.1000E-01  1.5004E-01 -2.8755E+00  7.5251E-01  2.0462E-01  1.9099E-02 -2.7456E-02  6.8040E-06  1.6251E-08  5.1301E-06  2.4051E-06
8.1600E-01  1.3310E-01 -2.7689E+00  7.5376E-01  2.1311E-01  1.8930E-02 -2.9007E-02  8.6757E-06  1.4438E-08  5.2394E-06  2.2407E-06
8.2200E-01  1.1683E-01 -2.6540E+00  7.5506E-01  2.2148E-01  1.8751E-02 -3.0619E-02  1.1029E-05  1.2824E-08  5.4056E-06  2.0882E-06
8.2800E-01  1.0127E-01 -2.5322E+00  7.5642E-01  2.2956E-01  1.8562E-02 -3.2288E-02  1.3951E-05  1.1389E-08  5.6663E-06  1.9475E-06
8.3400E-01  8.6447E-02 -2.4069E+00  7.5782E-01  2.3713E-01  1.8363E-02 -3.4014E-02  1.7527E-05  1.0113E-08  5.6702E-06  1.8185E-06
8.4000E-01  7.2376E-02 -2.2854E+00  7.5926E-01  2.4385E-01  1.8154E-02 -3.5796E-02  2.1848E-05  8.9788E-09  5.6702E-06  1.7010E-06
8.4600E-01  5.8987E-02 -2.1825E+00  7.6074E-01  2.4926E-01  1.7934E-02 -3.7631E-02  2.6997E-05  7.9709E-09  5.6702E-06  1.5950E-06
8.5200E-01  4.6098E-02 -2.1246E+00  7.6225E-01  2.5270E-01  1.7702E-02 -3.9518E-02  3.3047E-05  7.0753E-09  5.6702E-06  1.5001E-06
8.5800E-01  3.3317E-02 -2.1551E+00  7.6377E-01  2.5320E-01  1.7459E-02 -4.1455E-02  4.0056E-05  6.2798E-09  5.6702E-06  1.4162E-06
8.6400E-01  1.9936E-02 -2.3376E+00  7.6528E-01  2.4937E-01  1.7205E-02 -4.3439E-02  4.8058E-05  5.5733E-09  5.6702E-06  1.3429E-06
8.7000E-01  4.8021E-03 -2.7541E+00  7.6675E-01  2.3927E-01  1.6938E-02 -4.5471E-02  5.7058E-05  4.9459E-09  5.6702E-06  1.2803E-06
8.7600E-01 -1.3756E-02 -3.4924E+00  7.6813E-01  2.2011E-01  1.6659E-02 -4.7546E-02  6.7026E-05  4.3889E-09  5.6701E-06  1.2304E-06
8.8200E-01 -3.7884E-02 -4.6180E+00  7.6936E-01  1.8795E-01  1.6367E-02 -4.9665E-02  7.7889E-05  3.8943E-09  5.6701E-06  1.1929E-06
8.8800E-01 -6.9957E-02 -6.1333E+00  7.7035E-01  1.3723E-01  1.6063E-02 -5.1823E-02  8.9531E-05  3.4553E-09  5.6698E-06  1.1685E-06
8.9400E-01 -1.1206E-01 -7.9309E+00  7.7096E-01  6.0155E-02  1.5745E-02 -5.4021E-02  1.0179E-04  3.0657E-09  5.6688E-06  1.1580E-06
9.0000E-01 -1.6520E-01 -9.7604E+00  7.7100E-01 -5.4076E-02  1.5415E-02 -5.6257E-02  1.1446E-04  2.7199E-09  5.6660E-06  1.1609E-06
9.0600E-01 -2.2847E-01 -1.1233E+01  7.7021E-01 -2.2025E-01  1.5070E-02 -5.8530E-02  1.2728E-04  2.4130E-09  5.6585E-06  1.1779E-06
9.1200E-01 -2.9836E-01 -1.1883E+01  7.6821E-01 -4.5821E-01  1.4712E-02 -6.0844E-02  1.3998E-04  2.1407E-09  5.6402E-06  1.2063E-06
9.1800E-01 -3.6857E-01 -1.1284E+01  7.6451E-01 -7.9375E-01  1.4340E-02 -6.3208E-02  1.5223E-04  1.8990E-09  5.5989E-06  1.2397E-06
9.2400E-01 -4.3079E-01 -9.2055E+00  7.5843E-01 -1.2587E+00  1.3954E-02 -6.5641E-02  1.6372E-04  1.6846E-09  4.4574E-06  1.2703E-06
9.3000E-01 -4.7633E-01 -5.7841E+00  7.4908E-01 -1.8898E+00  1.3552E-02 -6.8194E-02  1.7412E-04  1.4944E-09  3.4239E-06  1.2913E-06
9.3600E-01 -4.9882E-01 -1.6923E+00  7.3535E-01 -2.7236E+00  1.3135E-02 -7.0978E-02  1.8311E-04  1.3256E-09  2.6204E-06  1.2857E-06
9.4200E-01 -4.9800E-01  1.6887E+00  7.1594E-01 -3.7862E+00  1.2700E-02 -7.4233E-02  1.9043E-04  1.1759E-09  1.9447E-06  1.2455E-06
9.4800E-01 -4.8416E-01  2.2471E+00  6.8946E-01 -5.0757E+00  1.2242E-02 -7.8481E-02  1.9583E-04  1.0430E-09  1.3903E-06  1.1649E-06
9.5400E-01 -4.8124E-01 -2.2680E+00  6.5468E-01 -6.5371E+00  1.1754E-02 -8.4825E-02  1.9913E-04  9.2517E-10  9.3418E-07  1.0556E-06
9.6000E-01 -5.2303E-01 -1.2488E+01  6.1092E-01 -8.0394E+00  1.1216E-02 -9.5522E-02  2.0023E-04  8.2063E-10  6.1463E-07  9.3570E-07
9.6600E-01 -6.3610E-01 -2.5037E+01  5.5854E-01 -9.3706E+00  1.0590E-02 -1.1488E-01  1.9909E-04  7.2790E-10  4.2193E-07  7.0000E-07
9.7200E-01 -8.1233E-01 -3.1942E+01  4.9933E-01 -1.0273E+01  9.8061E-03 -1.4985E-01  1.9574E-04  6.4563E-10  3.9863E-07  2.5000E-07
9.7800E-01 -9.9035E-01 -2.4459E+01  4.3658E-01 -1.0523E+01  8.7477E-03 -2.0672E-01  1.9030E-04  5.7266E-10  4.0091E-07  1.2000E-07
9.8400E-01 -1.0712E+00  9.3206E-02  3.7456E-01 -1.0026E+01  7.2982E-03 -2.7594E-01  1.8294E-04  5.0794E-10  4.0022E-07  6.5000E-08
9.9000E-01 -9.6933E-01  3.4337E+01  3.1760E-01 -8.8649E+00  5.5022E-03 -3.1168E-01  1.7390E-04  4.5052E-10  4.0055E-07  4.0000E-08
9.9600E-01 -6.7252E-01  6.1480E+01  2.6905E-01 -7.2697E+00  3.7249E-03 -2.6697E-01  1.6347E-04  3.9960E-10  4.0021E-07  4.0000E-08
1.0020E+00 -2.9438E-01  5.7641E+01  2.3066E-01 -5.5296E+00  2.4032E-03 -1.7106E-01  1.5193E-04  3.5443E-10  4.0089E-07  1.6000E-07
1.0080E+00 -4.5623E-02  2.3695E+01  2.0247E-01 -3.9041E+00  1.6426E-03 -8.8037E-02  1.3964E-04  3.1436E-10  6.0039E-07  4.5000E-07
1.0140E+00  1.8907E-02  1.9824E+00  1.8321E-01 -2.5747E+00  1.2757E-03 -3.9651E-02  1.2690E-04  2.7882E-10  9.1489E-07  9.5000E-07
1.0200E+00  1.4911E-02 -1.6898E+00  1.7081E-01 -1.6221E+00  1.1163E-03 -1.6577E-02  1.1404E-04  2.4730E-10  2.6387E-06  2.0000E-06
1.0260E+00  6.3990E-03 -1.0223E+00  1.6301E-01 -1.0332E+00  1.0510E-03 -6.6329E-03  1.0133E-04  2.1934E-10  4.2932E-06  2.6000E-06
1.0320E+00  2.3250E-03 -4.0762E-01  1.5786E-01 -7.2266E-01  1.0253E-03 -2.5701E-03  8.9038E-05  1.9454E-10  5.2446E-06  2.9000E-06
1.0380E+00  7.9742E-04 -1.4419E-01  1.5402E-01 -5.7734E-01  1.0154E-03 -9.6478E-04  7.7359E-05  1.7255E-10  5.6256E-06  3.0000E-06
1.0440E+00  2.6785E-04 -4.8986E-02  1.5080E-01 -5.0002E-01  1.0118E-03 -3.4827E-04  6.6461E-05  1.5304E-10  5.6537E-06  3.0000E-06
1.0500E+00  8.9199E-05 -1.6400E-02  1.4800E-01 -4.3262E-01  1.0105E-03 -1.1874E-04  5.6460E-05  1.3573E-10  5.6580E-06  3.0000E-06
1.0560E+00  2.9563E-05 -5.4546E-03  1.4563E-01 -3.5517E-01  1.0101E-03 -3.6729E-05  4.7428E-05  1.2039E-10  5.6638E-06  3.0000E-06
1.0620E+00  9.7654E-06 -1.8071E-03  1.4375E-01 -2.7101E-01  1.0100E-03 -9.2067E-06  3.9395E-05  1.0677E-10  5.6676E-06  3.0000E-06
1.0680E+00  3.2177E-06 -5.9698E-04  1.4237E-01 -1.9128E-01  1.0099E-03 -9.3943E-07  3.2358E-05  9.4702E-11  5.6693E-06  3.0000E-06
1.0740E+00  1.0571E-06 -1.9660E-04  1.4143E-01 -1.2505E-01  1.0099E-03  9.7971E-07  2.6281E-05  8.3994E-11  5.6699E-06  3.0000E-06
1.0800E+00  3.4632E-07 -6.4553E-05  1.4083E-01 -7.6108E-02  1.0100E-03  1.0541E-06  2.1106E-05  7.4497E-11  5.6701E-06  3.0000E-06
1.0860E+00  1.1317E-07 -2.1139E-05  1.4048E-01 -4.3493E-02  1.0100E-03  7.4217E-07  1.6762E-05  6.6073E-11  5.6702E-06  3.0000E-06
1.0920E+00  3.6890E-08 -6.9043E-06  1.4028E-01 -2.3698E-02  1.0100E-03  4.5081E-07  1.3163E-05  5.8602E-11  5.6702E-06  3.0000E-06
1.0980E+00  1.1998E-08 -2.2497E-06  1.4018E-01 -1.2677E-02  1.0100E-03  2.5377E-07  1.0222E-05  5.1976E-11  5.6702E-06  3.0000E-06
1.1040E+00  3.8980E-09 -7.3213E-07  1.4012E-01 -6.9773E-03  1.0100E-03  1.3638E-07  7.8494E-06  4.6098E-11  5.6702E-06  3.0000E-06
1.1100E+00  1.2638E-09 -2.3775E-07  1.4009E-01 -4.1961E-03  1.0100E-03  7.1018E-08  5.9606E-06  4.0886E-11  5.6702E-06  3.0000E-06
1.1160E+00  4.0895E-10 -7.7051E-08  1.4007E-01 -2.8471E-03  1.0100E-03  3.6160E-08  4.4761E-06  3.6263E-11  5.6702E-06  3.0000E-06
1.1220E+00  1.3209E-10 -2.4923E-08  1.4005E-01 -2.1399E-03  1.0100E-03  1.8097E-08  3.3241E-06  3.2162E-11  5.6702E-06  3.0000E-06
1.1280E+00  4.2589E-11 -8.0469E-09  1.4004E-01 -1.7046E-03  1.0100E-03  8.9351E-09  2.4414E-06  2.8525E-11  5.6702E-06  3.0000E-06
1.1340E+00  1.3709E-11 -2.5936E-09  1.4003E-01 -1.3835E-03  1.0100E-03  4.3599E-09  1.7734E-06  2.5300E-11  5.6702E-06  3.0000E-06
1.1400E+00  4.4091E-12 -8.3523E-10  1.4003E-01 -1.1110E-03  1.0100E-03  2.1014E-09  1.2741E-06  2.2439E-11  5.6702E-06  3.0000E-06
1.1460E+00  1.4163E-12 -2.6860E-10  1.4002E-01 -8.9126E-04  1.0100E-03  1.0073E-09  9.0550E-07  1.9902E-11  5.6702E-06  3.0000E-06
1.1520E+00  4.5436E-13 -8.6215E-11  1.4002E-01 -6.9699E-04  1.0100E-03  4.8271E-10  6.3665E-07  1.7651E-11  5.6702E-06  3.0000E-06
1.1580E+00  1.4553E-13 -2.7625E-11  1.4001E-01 -5.4213E-04  1.0100E-03  2.2588E-10  4.4293E-07  1.5655E-11  5.6702E-06  3.0000E-06
1.1640E+00  4.6542E-14 -8.9130E-12  1.4001E-01 -4.1527E-04  1.0100E-03  1.0381E-10  3.0500E-07  1.3885E-11  5.6702E-06  3.0000E-06
1.1700E+00  1.4933E-14 -2.7144E-12  1.4001E-01 -3.1145E-04  1.0100E-03  4.7292E-11  2.0795E-07  1.2315E-11  5.6702E-06  3.0000E-06
1.1760E+00  4.7157E-15 -8.3351E-13  1.4000E-01 -2.4225E-04  1.0100E-03  2.3069E-11  1.4046E-07  1.0922E-11  5.6702E-06  3.0000E-06
1.1820E+00  1.4346E-15 -2.6461E-13  1.4000E-01 -1.8457E-04  1.0100E-03  1.1534E-11  9.4049E-08  9.6873E-12  5.6702E-06  3.0000E-06
1.1880E+00  4.2057E-16 -8.6553E-14  1.4000E-01 -1.3841E-04  1.0100E-03  1.1535E-11  6.2498E-08  8.5918E-12  5.6702E-06  3.0000E-06
1.1940E+00  2.2222E-16  2.0282E-15  1.4000E-01 -1.0381E-04  1.0100E-03  5.8513E-27  4.1279E-08  7.6203E-12  5.6702E-06  3.0000E-06
1.2000E+00  0.0000E+00  0.0000E+00  1.4000E-01 -6.9204E-05  1.0100E-03  4.2608E-28  2.7155E-08  6.7586E-12  5.6702E-06  3.0000E-06
